 02 01 67 78 02 02 67 78 02 03 67 78 02 04 67 78
 02 05 67 78 02 06 67 78 02 07 67 78 02 08 67 78
 02 09 67 78 02 0A 67 78 02 0B 67 78 02 0C 67 78
 02 0D 67 63 02 0E 67 63 02 0F 67 63 02 10 67 63
 02 11 67 63 02 12 67 63 67 4C 3A 48 06 F0 D2 00
 70 56 90 60 F0 57 06 F1 A2 01 C2 01 60 F1 02 03
 60 F0 57 67 78 22 0F 87 22 0F 87 22 0F 87 22 0F
 87 22 0F 87 22 0F 87 57 28 32 00 32 01 B7 26 F1
 C7 D7 32 08 C7 D7 87 2A 01 32 0E 87 57 00 00 00
 00 00 00 00 00 00 00 00 00 00 00 00 00 00 00 00
 00 00 00 00 00 00 00 00 00 00 00 00 00 00 00 00
 00 00 00 00 00 00 00 00 00 00 00 00 00 00 00 00
 00 00 00 00 00 00 00 00 00 00 00 00 00 00 00 00
 00 00 00 00 00 00 00 00 00 00 00 00 00 00 00 00
 00 00 00 00 00 00 00 00 00 00 00 00 00 00 00 00
 00 00 00 00 00 00 00 00 00 00 00 00 00 00 00 00
