 02 01 67 AB 02 02 67 AB 02 03 67 AB 02 04 67 AB
 02 05 67 AB 02 06 67 AB 02 07 67 AB 02 08 67 AB
 02 09 67 AB 02 0A 67 AB 02 0B 67 AB 02 0C 67 AB
 02 0D 67 AB 02 0E 67 AB 02 0F 67 AB 02 10 67 AB
 02 11 67 AB 02 12 67 AB 02 13 67 AB 02 14 67 AB
 02 15 67 AB 02 16 67 AB 02 17 67 AB 02 18 67 AB
 02 19 67 AB 02 1A 67 AB 02 1B 67 AB 02 1C 67 AB
 02 1D 67 AB 02 1E 67 AB 02 1F 67 AB 02 20 67 AB
 02 21 67 AB 02 22 67 AB 02 23 67 AB 02 24 67 AB
 67 94 3A 48 06 F0 D2 00 70 9E 90 60 F0 57 06 F1
 A2 01 C2 01 60 F1 02 03 60 F0 57 28 32 00 32 01
 B7 26 F1 C7 D7 32 08 C7 D7 87 2A 01 32 0E 87 57
 00 00 00 00 00 00 00 00 00 00 00 00 00 00 00 00
 00 00 00 00 00 00 00 00 00 00 00 00 00 00 00 00
 00 00 00 00 00 00 00 00 00 00 00 00 00 00 00 00
 00 00 00 00 00 00 00 00 00 00 00 00 00 00 00 00
